006000501800052000000030600000000100090870004000409003630000000008300010071000009
000780001000390850060000000304000000000020005000103700030001000079000060150240000
003000800000940207050006000068000000040000009300028000000500700006002004072000300
703000800590000000000000520600902000000000036008003000007084001000600008050000007
010070000000000000000280037000014080006000005900600400000000000308102960500390200
060800002000300015400007060000000708500000020000019030609000000005000203030040000
100030000400500300006900000000104007000700208000000610600080003804020900052000800
000004830000007000380500000007400600230900005100600000070000000800000420010390000
000070500000025040000104009800900020029000005700000006006003000270040900040260008
020007000005020009190000000003680700006000400000000020500300010001005004380406000
100008900830100260070020000043070590000006400000530008000002000600900800005000000
000032040900080050005140000800000003001006000050000700000000490006004002730200000
400000523060000080000080700000000210700205009530100000010800000000009000800040160



000030040706000800000050020000200001601000050800003000000000000400028900127006000
070000090000201700008000000000007005010009030034100000000800040800060950056090070
007040300000003705001070020000000000408790502020000000000500008800000100906320000
070400000024030050000009008000092000006700005180000600005006307030004020000000800






























